86787852
88231354
72761522
73795660
72543015
77694498
73177245
721995
82700719
78047800
70833240
90142258
84749366
92330966
82482201
73830105
65013618
81588401
74343369
77710888
72535928
82482203
99878927
81440352
51462524
90037522
82704522
81299891
75616850
77721309
57766756
76472917
57652434
72033201
92083603
73177243
59032382
81508726
59488418
73164405
81319397
73838994
53788968
75555023
73170313
92072034
75540710
73788524
76104061
90212662
73830107
99684693
72033193
82482198
73121489
73831102
73806442
58362933
77694535
50693558
73159008
96991538
81363429
59081231
90730961
51462522
96989442
97102711
73159010
84749359
75752136
73838992
81815416
97034083
63905369
73599513
97007193
51428073
67982880
72039711
72543015
97049861
81299383
37889069
99682609
87859238
90021720
73170360
98043437
96716878
73838996
57770427
90073057
75553518
56698077
99863147
97102675
47374311
72033181
99447530
87940404
77241563
73833678
57774442
72537987
76692867
73164407
83787976
73159012
99682613
73806436
51428058
82482195
21045531
99679774
90037519
81794484
77710884
70685125
22044777
8285447
49206793
53827004
45183900
90168581
77109326
82072801
72039699
814103
72535930
72537957
77706599
75553520
72033195
72039697
81549867
58362935
81504198
99350325
70692012
85272029
42892572
85685016
73552890
73808534
87828516
48385090
90329266
81588417
21061945
99667241
99878960
53788960
35855736
90304071
53827022
47410833
73609209
63910466
73808532
92163533
67693441
39940258
87959444
86161961
73164409
87004942
98070464
95995234
48393012
73833676
99461825
97093830
8286081
81437709
101916732
76472905
86169230
81534015
42704938
47370477
73808530
72033191
8286686
75628797
102392227
73165096
55651297
97681957
95996882
98041031
42705981
68138622
95052852
86787852
92233659
98035898
21043975
51428110
85303148
99679772
99918226
102768938
72864540
87913542
87909576
67863806
81808686
51462520
98055217
99870334
49347476
100102535
49347478
92555400
92621084
92610142
92613021
92610140
92621126
92610138
92613018
92621088
92613134
